0 0.059197 -0.026784
1 0.054847 -0.029315
2 0.049521 -0.031841
3 0.043503 -0.034125
4 0.036973 -0.035933
5 0.030200 -0.036996
6 0.023405 -0.037166
7 0.016775 -0.036288
8 0.010505 -0.034326
9 0.004714 -0.031316
10 -0.000484 -0.027361
11 -0.005018 -0.022675
12 -0.008863 -0.017502
13 -0.011971 -0.012144
14 -0.014378 -0.006952
15 -0.016074 -0.002208
16 -0.017068 0.001737
17 -0.017428 0.004674
18 -0.017117 0.006410
19 -0.016228 0.006822
20 -0.014761 0.005941
21 -0.012766 0.003774
22 -0.010324 0.000513
23 -0.007469 -0.003662
24 -0.004329 -0.008504
25 -0.000975 -0.013727
26 0.002461 -0.019089
27 0.005857 -0.024316
28 0.009095 -0.029210
29 0.012050 -0.033603
30 0.014630 -0.037387
31 0.016750 -0.040508
32 0.018374 -0.042965
33 0.019482 -0.044789
34 0.020128 -0.046058
35 0.020351 -0.046853
36 0.020287 -0.047239
37 0.020055 -0.047325
38 0.019800 -0.047107
39 0.019722 -0.046654
40 0.019917 -0.045930
41 0.020585 -0.044892
42 0.021797 -0.043533
43 0.023636 -0.041742
44 0.026156 -0.039513
45 0.029300 -0.036801
46 0.033048 -0.033597
47 0.037275 -0.029981
48 0.041833 -0.026002
49 0.046592 -0.021826
50 0.051317 -0.017636
51 0.055860 -0.013601
52 0.060018 -0.010007
53 0.063591 -0.007017
54 0.066474 -0.004881
55 0.068472 -0.003750
56 0.069536 -0.003713
57 0.069564 -0.004855
58 0.068525 -0.007089
59 0.066428 -0.010333
60 0.063283 -0.014373
61 0.059171 -0.018952
62 0.054170 -0.023755
63 0.048409 -0.028437
64 0.042033 -0.032642
65 0.035213 -0.036040
66 0.028146 -0.038330
67 0.021038 -0.039286
68 0.014112 -0.038751
69 0.007596 -0.036676
70 0.001695 -0.033082
71 -0.003360 -0.028117
72 -0.007416 -0.022003
73 -0.010286 -0.015017
74 -0.011880 -0.007548
75 -0.012126 0.000082
76 -0.010972 0.007439
77 -0.008507 0.014192
78 -0.004746 0.020032
79 0.000128 0.024668
80 0.005964 0.027993
81 0.012572 0.029878
82 0.019686 0.030364
83 0.027098 0.029559
84 0.034534 0.027608
85 0.041740 0.024800
86 0.048521 0.021384
87 0.054605 0.017671
88 0.059853 0.013993
89 0.064080 0.010573
90 0.067156 0.007715
91 0.069035 0.005563
92 0.069614 0.004256
93 0.068947 0.003875
94 0.067032 0.004367
95 0.063961 0.005732
96 0.059868 0.007818
97 0.054891 0.010511
98 0.049258 0.013638
99 0.043177 0.017036
100 0.036925 0.020535
101 0.030748 0.023985
102 0.024956 0.027257
103 0.019780 0.030216
104 0.015481 0.032819
105 0.012270 0.034935
106 0.010265 0.036567
107 0.009617 0.037634
108 0.010266 0.038102
109 0.012232 0.037968
110 0.015329 0.037140
111 0.019386 0.035674
112 0.024161 0.033466
113 0.029312 0.030571
114 0.034597 0.026959
115 0.039618 0.022666
116 0.044164 0.017777
117 0.047931 0.012326
118 0.050763 0.006505
119 0.052559 0.000390
120 0.053254 -0.005793
121 0.052961 -0.011891
122 0.051748 -0.017726
123 0.049860 -0.023092
124 0.047507 -0.027879
125 0.044954 -0.031941
126 0.042463 -0.035234
127 0.040260 -0.037719
128 0.038541 -0.039452
129 0.037407 -0.040482
130 0.036943 -0.040953
131 0.037066 -0.040995
132 0.037725 -0.040749
133 0.038702 -0.040410
134 0.039792 -0.040034
135 0.040754 -0.039788
136 0.041283 -0.039658
137 0.041205 -0.039670
138 0.040244 -0.039774
139 0.038324 -0.039823
140 0.035345 -0.039744
141 0.031320 -0.039303
142 0.026394 -0.038392
143 0.020689 -0.036837
144 0.014517 -0.034504
145 0.008151 -0.031367
146 0.001922 -0.027361
147 -0.003781 -0.022569
148 -0.008679 -0.017114
149 -0.012444 -0.011127
150 -0.014835 -0.004877
151 -0.015720 0.001431
152 -0.014959 0.007529
153 -0.012605 0.013150
154 -0.008724 0.018127
155 -0.003476 0.022238
156 0.002861 0.025405
157 0.010034 0.027579
158 0.017676 0.028752
159 0.025433 0.029053
160 0.032973 0.028575
161 0.039905 0.027512
162 0.045980 0.026078
163 0.050897 0.024428
164 0.054469 0.022826
165 0.056596 0.021368
166 0.057162 0.020240
167 0.056264 0.019503
168 0.053914 0.019180
169 0.050316 0.019315
170 0.045652 0.019788
171 0.040150 0.020591
172 0.034116 0.021566
173 0.027770 0.022631
174 0.021438 0.023674
175 0.015325 0.024574
176 0.009674 0.025282
177 0.004651 0.025711
178 0.000372 0.025853
179 -0.003073 0.025701
180 -0.005679 0.025271
181 -0.007467 0.024623
182 -0.008495 0.023793
183 -0.008890 0.022861
184 -0.008741 0.021900
185 -0.008209 0.020944
186 -0.007424 0.020094
187 -0.006497 0.019348
188 -0.005574 0.018762
189 -0.004711 0.018346
190 -0.004001 0.018082
191 -0.003472 0.017980
192 -0.003140 0.017988
193 -0.003005 0.018091
194 -0.003046 0.018242
195 -0.003237 0.018403
196 -0.003534 0.018533
197 -0.003907 0.018606
198 -0.004310 0.018586
199 -0.004732 0.018456
200 -0.005124 0.018209
201 -0.005496 0.017826
202 -0.005826 0.017347
203 -0.006112 0.016739
204 -0.006384 0.016067
205 -0.006594 0.015332
206 -0.006809 0.014552
207 -0.006989 0.013795
208 -0.007153 0.013022
209 -0.007322 0.012325
210 -0.007444 0.011683
211 -0.007575 0.011120
212 -0.007667 0.010669
213 -0.007744 0.010301
214 -0.007803 0.010049
215 -0.007833 0.009887
216 -0.007856 0.009808
217 -0.007860 0.009812
218 -0.007856 0.009857
219 -0.007862 0.009952
220 -0.007857 0.010054
221 -0.007878 0.010136
222 -0.007901 0.010202
223 -0.007928 0.010185
224 -0.007974 0.010099
225 -0.007993 0.009914
226 -0.008007 0.009590
227 -0.007995 0.009169
228 -0.007924 0.008607
229 -0.007833 0.007933
230 -0.007673 0.007193
231 -0.007473 0.006360
232 -0.007252 0.005549
233 -0.006989 0.004752
234 -0.006769 0.004051
235 -0.006554 0.003507
236 -0.006426 0.003122
237 -0.006393 0.002993
238 -0.006459 0.003067
239 -0.006682 0.003376
240 -0.007003 0.003882
241 -0.007448 0.004491
242 -0.007980 0.005166
243 -0.008526 0.005758
244 -0.009068 0.006154
245 -0.009501 0.006250
246 -0.009758 0.005879
247 -0.009788 0.004969
248 -0.009495 0.003420
249 -0.008859 0.001177
250 -0.007827 -0.001752
251 -0.006402 -0.005350
252 -0.004601 -0.009523
253 -0.002468 -0.014167
254 -0.000074 -0.019111
255 0.002508 -0.024199
256 0.005165 -0.029236
257 0.007821 -0.034034
258 0.010363 -0.038437
259 0.012714 -0.042283
260 0.014817 -0.045479
261 0.016616 -0.047949
262 0.018109 -0.049662
263 0.019289 -0.050647
264 0.020189 -0.050939
265 0.020849 -0.050645
266 0.021317 -0.049866
267 0.021644 -0.048741
268 0.021878 -0.047392
269 0.022054 -0.045968
270 0.022184 -0.044575
271 0.022295 -0.043337
272 0.022340 -0.042330
273 0.022350 -0.041612
274 0.022264 -0.041255
275 0.022091 -0.041214
276 0.021836 -0.041546
277 0.021484 -0.042158
278 0.021141 -0.043029
279 0.020802 -0.044084
280 0.020626 -0.045197
281 0.020683 -0.046323
282 0.021091 -0.047279
283 0.021999 -0.048005
284 0.023442 -0.048360
285 0.025531 -0.048214
286 0.028255 -0.047512
287 0.031556 -0.046125
288 0.035378 -0.044022
289 0.039510 -0.041183
290 0.043782 -0.037566
291 0.047948 -0.033264
292 0.051710 -0.028282
293 0.054871 -0.022753
294 0.057121 -0.016798
295 0.058340 -0.010518
296 0.058372 -0.004127
297 0.057179 0.002283
298 0.054856 0.008505
299 0.051490 0.014407
300 0.047361 0.019880
301 0.042744 0.024761
302 0.037959 0.028994
303 0.033405 0.032497
304 0.029395 0.035192
305 0.026241 0.037084
306 0.024214 0.038122
307 0.023431 0.038298
308 0.023980 0.037647
309 0.025821 0.036140
310 0.028775 0.033829
311 0.032654 0.030754
312 0.037136 0.026928
313 0.041880 0.022451
314 0.046558 0.017366
315 0.050807 0.011775
316 0.054359 0.005796
317 0.056976 -0.000458
318 0.058525 -0.006828
319 0.058946 -0.013173
320 0.058280 -0.019319
321 0.056640 -0.025120
322 0.054205 -0.030418
323 0.051214 -0.035091
324 0.047904 -0.039044
325 0.044531 -0.042196
326 0.041318 -0.044537
327 0.038437 -0.046070
328 0.036030 -0.046858
329 0.034151 -0.047007
330 0.032816 -0.046628
331 0.031981 -0.045897
332 0.031556 -0.044954
333 0.031451 -0.043977
334 0.031538 -0.043111
335 0.031732 -0.042467
336 0.031957 -0.042145
337 0.032168 -0.042171
338 0.032382 -0.042537
339 0.032629 -0.043191
340 0.032984 -0.043999
341 0.033548 -0.044823
342 0.034395 -0.045474
343 0.035619 -0.045740
344 0.037269 -0.045436
345 0.039341 -0.044359
346 0.041801 -0.042358
347 0.044534 -0.039332
348 0.047392 -0.035226
349 0.050172 -0.030076
350 0.052649 -0.023968
351 0.054583 -0.017094
352 0.055739 -0.009666
353 0.055947 -0.001998
354 0.055023 0.005588
355 0.052944 0.012760
356 0.049671 0.019137
357 0.045303 0.024470
358 0.040016 0.028427
359 0.033980 0.030874
360 0.027535 0.031671
361 0.020894 0.030795
362 0.014418 0.028368
363 0.008340 0.024491
364 0.002893 0.019473
365 -0.001724 0.013561
366 -0.005463 0.007123
367 -0.008236 0.000506
368 -0.010131 -0.005968
369 -0.011223 -0.011969
370 -0.011669 -0.017268
371 -0.011642 -0.021671
372 -0.011315 -0.025085
373 -0.010854 -0.027478
374 -0.010384 -0.028902
375 -0.009986 -0.029468
376 -0.009684 -0.029345
377 -0.009447 -0.028727
378 -0.009188 -0.027825
379 -0.008781 -0.026834
380 -0.008073 -0.025951
381 -0.006901 -0.025302
382 -0.005096 -0.025019
383 -0.002569 -0.025137
384 0.000796 -0.025670
385 0.004963 -0.026609
386 0.009908 -0.027838
387 0.015492 -0.029335
388 0.021492 -0.030928
389 0.027712 -0.032555
390 0.033792 -0.034096
391 0.039496 -0.035440
392 0.044467 -0.036566
393 0.048451 -0.037356
394 0.051239 -0.037837
395 0.052623 -0.037970
396 0.052575 -0.037757
397 0.051070 -0.037264
398 0.048196 -0.036492
399 0.044162 -0.035515
400 0.039171 -0.034405
401 0.033530 -0.033195
402 0.027571 -0.031990
403 0.021582 -0.030853
404 0.015898 -0.029826
405 0.010780 -0.029017
406 0.006409 -0.028446
407 0.002964 -0.028151
408 0.000470 -0.028182
409 -0.001095 -0.028487
410 -0.001790 -0.029057
411 -0.001806 -0.029833
412 -0.001321 -0.030685
413 -0.000538 -0.031530
414 0.000281 -0.032212
415 0.000973 -0.032564
416 0.001364 -0.032472
417 0.001321 -0.031765
418 0.000842 -0.030341
419 -0.000085 -0.028146
420 -0.001363 -0.025112
421 -0.002811 -0.021300
422 -0.004281 -0.016781
423 -0.005495 -0.011659
424 -0.006246 -0.006164
425 -0.006319 -0.000431
426 -0.005482 0.005265
427 -0.003661 0.010735
428 -0.000715 0.015793
429 0.003288 0.020236
430 0.008294 0.024024
431 0.014135 0.027024
432 0.020539 0.029306
433 0.027269 0.030887
434 0.033928 0.031882
435 0.040222 0.032444
436 0.045772 0.032684
437 0.050277 0.032781
438 0.053477 0.032821
439 0.055169 0.032904
440 0.055248 0.033038
441 0.053677 0.033217
442 0.050548 0.033335
443 0.045974 0.033274
444 0.040242 0.032888
445 0.033602 0.031959
446 0.026425 0.030386
447 0.019091 0.027954
448 0.011938 0.024638
449 0.005395 0.020368
450 -0.000287 0.015195
451 -0.004752 0.009275
452 -0.007843 0.002744
453 -0.009391 -0.004064
454 -0.009319 -0.010933
455 -0.007677 -0.017472
456 -0.004481 -0.023418
457 0.000048 -0.028482
458 0.005777 -0.032417
459 0.012416 -0.035135
460 0.019699 -0.036512
461 0.027360 -0.036642
462 0.035051 -0.035638
463 0.042524 -0.033690
464 0.049484 -0.031120
465 0.055664 -0.028199
466 0.060886 -0.025275
467 0.064929 -0.022671
468 0.067676 -0.020621
469 0.069042 -0.019370
470 0.068956 -0.019012
471 0.067453 -0.019583
472 0.064561 -0.021021
473 0.060403 -0.023159
474 0.055107 -0.025771
475 0.048885 -0.028554
476 0.041941 -0.031206
477 0.034543 -0.033354
478 0.026979 -0.034740
479 0.019497 -0.035049
480 0.012446 -0.034106
481 0.006035 -0.031813
482 0.000566 -0.028102
483 -0.003780 -0.023124
484 -0.006846 -0.016976
485 -0.008488 -0.009986
486 -0.008727 -0.002437
487 -0.007514 0.005292
488 -0.004988 0.012782
489 -0.001256 0.019692
490 0.003500 0.025606
491 0.009036 0.030263
492 0.015152 0.033414
493 0.021570 0.034899
494 0.028067 0.034702
495 0.034439 0.032853
496 0.040474 0.029509
497 0.046044 0.024921
498 0.051034 0.019381
499 0.055361 0.013271
500 0.059014 0.006990
501 0.061973 0.000921
502 0.064255 -0.004531
503 0.065903 -0.009044
504 0.066926 -0.012349
505 0.067367 -0.014235
506 0.067250 -0.014635
507 0.066564 -0.013540
508 0.065325 -0.011043
509 0.063509 -0.007359
510 0.061091 -0.002731
511 0.058075 0.002512
512 0.054436 0.008008
513 0.050192 0.013412
514 0.045385 0.018368
515 0.040056 0.022568
516 0.034310 0.025785
517 0.028266 0.027827
518 0.022041 0.028626
519 0.015829 0.028179
520 0.009770 0.026550
521 0.004052 0.023920
522 -0.001161 0.020466
523 -0.005744 0.016461
524 -0.009544 0.012161
525 -0.012512 0.007823
526 -0.014559 0.003710
527 -0.015696 -0.000007
528 -0.015937 -0.003126
529 -0.015329 -0.005588
530 -0.013981 -0.007317
531 -0.011959 -0.008351
532 -0.009428 -0.008740
533 -0.006472 -0.008574
534 -0.003256 -0.008007
535 0.000114 -0.007137
536 0.003525 -0.006147
537 0.006859 -0.005128
538 0.010059 -0.004216
539 0.013024 -0.003477
540 0.015739 -0.002966
541 0.018126 -0.002714
542 0.020204 -0.002690
543 0.021930 -0.002905
544 0.023326 -0.003257
545 0.024406 -0.003749
546 0.025162 -0.004263
547 0.025670 -0.004779
548 0.025902 -0.005234
549 0.025959 -0.005573
550 0.025836 -0.005817
551 0.025591 -0.005890
552 0.025288 -0.005859
553 0.024918 -0.005699
554 0.024584 -0.005434
555 0.024274 -0.005132
556 0.024036 -0.004770
557 0.023912 -0.004431
558 0.023881 -0.004118
559 0.023985 -0.003844
560 0.024212 -0.003656
561 0.024536 -0.003523
562 0.024976 -0.003459
563 0.025482 -0.003464
564 0.026029 -0.003493
565 0.026608 -0.003547
566 0.027157 -0.003608
567 0.027665 -0.003633
568 0.028112 -0.003642
569 0.028444 -0.003609
570 0.028676 -0.003531
571 0.028779 -0.003449
572 0.028731 -0.003351
573 0.028561 -0.003280
574 0.028241 -0.003275
575 0.027783 -0.003339
576 0.027204 -0.003528
577 0.026474 -0.003847
578 0.025618 -0.004289
579 0.024615 -0.004874
580 0.023447 -0.005548
581 0.022108 -0.006292
582 0.020565 -0.007048
583 0.018796 -0.007768
584 0.016773 -0.008387
585 0.014490 -0.008867
586 0.011923 -0.009173
587 0.009099 -0.009281
588 0.006035 -0.009228
589 0.002782 -0.009030
590 -0.000566 -0.008770
591 -0.003923 -0.008548
592 -0.007144 -0.008452
593 -0.010077 -0.008620
594 -0.012571 -0.009154
595 -0.014437 -0.010141
596 -0.015516 -0.011666
597 -0.015663 -0.013733
598 -0.014734 -0.016322
599 -0.012666 -0.019358
600 -0.009407 -0.022688
601 -0.004967 -0.026147
602 0.000553 -0.029505
603 0.007029 -0.032497
604 0.014267 -0.034885
605 0.021997 -0.036411
606 0.029951 -0.036850
607 0.037797 -0.036057
608 0.045196 -0.033908
609 0.051843 -0.030398
610 0.057413 -0.025594
611 0.061656 -0.019631
612 0.064369 -0.012759
613 0.065391 -0.005273
614 0.064680 0.002481
615 0.062255 0.010098
616 0.058198 0.017201
617 0.052719 0.023409
618 0.046045 0.028367
619 0.038488 0.031810
620 0.030415 0.033522
621 0.022183 0.033386
622 0.014190 0.031401
623 0.006815 0.027626
624 0.000385 0.022240
625 -0.004780 0.015510
626 -0.008449 0.007738
627 -0.010461 -0.000675
628 -0.010706 -0.009327
629 -0.009191 -0.017811
630 -0.005989 -0.025694
631 -0.001238 -0.032612
632 0.004820 -0.038237
633 0.011903 -0.042287
634 0.019684 -0.044588
635 0.027779 -0.045030
636 0.035817 -0.043592
637 0.043414 -0.040361
638 0.050199 -0.035488
639 0.055857 -0.029201
640 0.060118 -0.021822
641 0.062747 -0.013682
642 0.063653 -0.005169
643 0.062749 0.003284
644 0.060083 0.011328
645 0.055794 0.018528
646 0.050035 0.024577
647 0.043129 0.029189
648 0.035367 0.032111
649 0.027121 0.033248
650 0.018816 0.032518
651 0.010808 0.029951
652 0.003506 0.025708
653 -0.002727 0.019952
654 -0.007623 0.012982
655 -0.010904 0.005150
656 -0.012422 -0.003197
657 -0.012122 -0.011621
658 -0.009975 -0.019719
659 -0.006114 -0.027114
660 -0.000720 -0.033407
661 0.005971 -0.038316
662 0.013601 -0.041602
663 0.021824 -0.043066
664 0.030249 -0.042675
665 0.038432 -0.040423
666 0.046012 -0.036405
667 0.052605 -0.030849
668 0.057875 -0.023987
669 0.061598 -0.016164
670 0.063557 -0.007773
671 0.063659 0.000817
672 0.061920 0.009161
673 0.058382 0.016863
674 0.053242 0.023576
675 0.046744 0.028939
676 0.039171 0.032725
677 0.030931 0.034752
678 0.022396 0.034898
679 0.013970 0.033190
680 0.006097 0.029696
681 -0.000876 0.024568
682 -0.006596 0.018092
683 -0.010770 0.010546
684 -0.013228 0.002302
685 -0.013823 -0.006225
686 -0.012529 -0.014658
687 -0.009436 -0.022565
688 -0.004660 -0.029568
689 0.001539 -0.035359
690 0.008858 -0.039627
691 0.016968 -0.042181
692 0.025439 -0.042916
693 0.033877 -0.041763
694 0.041886 -0.038820
695 0.049045 -0.034217
696 0.055047 -0.028160
697 0.059595 -0.020986
698 0.062453 -0.013009
699 0.063534 -0.004622
700 0.062762 0.003742
701 0.060177 0.011716
702 0.055950 0.018895
703 0.050254 0.024920
704 0.043388 0.029542
705 0.035707 0.032503
706 0.027544 0.033682
707 0.019334 0.033042
708 0.011462 0.030584
709 0.004288 0.026463
710 -0.001807 0.020873
711 -0.006567 0.014060
712 -0.009765 0.006394
713 -0.011220 -0.001791
714 -0.010912 -0.010108
715 -0.008837 -0.018131
716 -0.005095 -0.025518
717 0.000091 -0.031904
718 0.006507 -0.036982
719 0.013825 -0.040540
720 0.021674 -0.042385
721 0.029710 -0.042433
722 0.037516 -0.040707
723 0.044721 -0.037243
724 0.051007 -0.032227
725 0.056033 -0.025890
726 0.059588 -0.018495
727 0.061506 -0.010423
728 0.061664 -0.002026
729 0.060090 0.006314
730 0.056840 0.014169
731 0.052052 0.021201
732 0.045988 0.027066
733 0.038898 0.031463
734 0.031123 0.034210
735 0.023053 0.035138
736 0.015029 0.034198
737 0.007459 0.031447
738 0.000705 0.026971
739 -0.004943 0.021002
740 -0.009175 0.013824
741 -0.011805 0.005745
742 -0.012715 -0.002811
743 -0.011818 -0.011450
744 -0.009186 -0.019767
745 -0.004927 -0.027322
746 0.000783 -0.033780
747 0.007642 -0.038813
748 0.015356 -0.042154
749 0.023557 -0.043675
750 0.031825 -0.043273
751 0.039802 -0.040963
752 0.047080 -0.036892
753 0.053299 -0.031219
754 0.058190 -0.024241
755 0.061475 -0.016313
756 0.063007 -0.007786
757 0.062726 0.000883
758 0.060605 0.009286
759 0.056775 0.017033
760 0.051412 0.023704
761 0.044754 0.029008
762 0.037160 0.032680
763 0.028972 0.034514
764 0.020584 0.034459
765 0.012434 0.032485
766 0.004878 0.028679
767 -0.001700 0.023255
768 -0.006968 0.016429
769 -0.010712 0.008541
770 -0.012715 -0.000018
771 -0.012896 -0.008875
772 -0.011269 -0.017571
773 -0.007879 -0.025702
774 -0.002927 -0.032891
775 0.003347 -0.038756
776 0.010667 -0.043035
777 0.018633 -0.045523
778 0.026879 -0.046064
779 0.035015 -0.044668
780 0.042614 -0.041379
781 0.049342 -0.036343
782 0.054858 -0.029835
783 0.058877 -0.022143
784 0.061239 -0.013650
785 0.061797 -0.004790
786 0.060525 0.004036
787 0.057504 0.012370
788 0.052840 0.019801
789 0.046775 0.026002
790 0.039599 0.030634
791 0.031617 0.033498
792 0.023244 0.034469
793 0.014855 0.033476
794 0.006832 0.030614
795 -0.000413 0.026018
796 -0.006576 0.019904
797 -0.011357 0.012613
798 -0.014509 0.004470
799 -0.015926 -0.004121
800 -0.015513 -0.012723
801 -0.013288 -0.020971
802 -0.009390 -0.028447
803 -0.003957 -0.034806
804 0.002734 -0.039790
805 0.010359 -0.043143
806 0.018599 -0.044745
807 0.027034 -0.044553
808 0.035284 -0.042557
809 0.042983 -0.038901
810 0.049733 -0.033763
811 0.055253 -0.027373
812 0.059281 -0.020076
813 0.061603 -0.012193
814 0.062150 -0.004092
815 0.060870 0.003816
816 0.057823 0.011199
817 0.053187 0.017695
818 0.047145 0.022988
819 0.040007 0.026869
820 0.032129 0.029116
821 0.023853 0.029636
822 0.015616 0.028422
823 0.007807 0.025492
824 0.000783 0.021013
825 -0.005074 0.015187
826 -0.009502 0.008265
827 -0.012285 0.000611
828 -0.013252 -0.007439
829 -0.012390 -0.015506
830 -0.009718 -0.023171
831 -0.005345 -0.030100
832 0.000476 -0.035942
833 0.007504 -0.040390
834 0.015387 -0.043264
835 0.023720 -0.044387
836 0.032136 -0.043701
837 0.040194 -0.041257
838 0.047501 -0.037125
839 0.053730 -0.031523
840 0.058535 -0.024714
841 0.061703 -0.016991
842 0.063084 -0.008757
843 0.062573 -0.000386
844 0.060221 0.007736
845 0.056126 0.015185
846 0.050455 0.021636
847 0.043511 0.026768
848 0.035588 0.030309
849 0.027064 0.032119
850 0.018362 0.032079
851 0.009851 0.030181
852 0.001959 0.026539
853 -0.004941 0.021282
854 -0.010558 0.014677
855 -0.014586 0.007045
856 -0.016857 -0.001287
857 -0.017277 -0.009885
858 -0.015790 -0.018349
859 -0.012498 -0.026283
860 -0.007547 -0.033271
861 -0.001149 -0.039002
862 0.006358 -0.043185
863 0.014645 -0.045590
864 0.023318 -0.046134
865 0.031937 -0.044760
866 0.040128 -0.041528
867 0.047479 -0.036627
868 0.053626 -0.030260
869 0.058312 -0.022759
870 0.061277 -0.014503
871 0.062394 -0.005871
872 0.061629 0.002681
873 0.058989 0.010739
874 0.054635 0.017927
875 0.048788 0.023854
876 0.041709 0.028257
877 0.033786 0.030927
878 0.025393 0.031706
879 0.016939 0.030606
880 0.008877 0.027669
881 0.001570 0.023034
882 -0.004606 0.016975
883 -0.009335 0.009762
884 -0.012418 0.001765
885 -0.013676 -0.006605
886 -0.013054 -0.014978
887 -0.010610 -0.022915
888 -0.006427 -0.030041
889 -0.000742 -0.036043
890 0.006162 -0.040601
891 0.013979 -0.043530
892 0.022287 -0.044702
893 0.030701 -0.044035
894 0.038825 -0.041606
895 0.046228 -0.037516
896 0.052594 -0.031948
897 0.057602 -0.025203
898 0.060994 -0.017562
899 0.062646 -0.009395
900 0.062447 -0.001101
901 0.060411 0.006968
902 0.056665 0.014412
903 0.051346 0.020884
904 0.044731 0.026112
905 0.037145 0.029813
906 0.028913 0.031831
907 0.020461 0.032082
908 0.012178 0.030513
909 0.004438 0.027227
910 -0.002353 0.022363
911 -0.007905 0.016122
912 -0.011948 0.008835
913 -0.014267 0.000808
914 -0.014789 -0.007581
915 -0.013462 -0.015909
916 -0.010350 -0.023821
917 -0.005631 -0.030917
918 0.000509 -0.036851
919 0.007754 -0.041365
920 0.015749 -0.044209
921 0.024147 -0.045254
922 0.032513 -0.044461
923 0.040458 -0.041829
924 0.047623 -0.037507
925 0.053631 -0.031689
926 0.058223 -0.024627
927 0.061183 -0.016691
928 0.062336 -0.008231
929 0.061669 0.000355
930 0.059188 0.008626
931 0.054997 0.016229
932 0.049336 0.022784
933 0.042433 0.027969
934 0.034627 0.031572
935 0.026312 0.033394
936 0.017842 0.033357
937 0.009651 0.031490
938 0.002129 0.027848
939 -0.004392 0.022638
940 -0.009567 0.016116
941 -0.013163 0.008562
942 -0.015022 0.000388
943 -0.015012 -0.008035
944 -0.013176 -0.016312
945 -0.009585 -0.024007
946 -0.004395 -0.030782
947 0.002110 -0.036304
948 0.009651 -0.040278
949 0.017852 -0.042559
950 0.026295 -0.043000
951 0.034609 -0.041585
952 0.042362 -0.038411
953 0.049180 -0.033594
954 0.054760 -0.027394
955 0.058792 -0.020120
956 0.061102 -0.012095
957 0.061590 -0.003749
958 0.060198 0.004524
959 0.057032 0.012333
960 0.052235 0.019257
961 0.046023 0.024991
962 0.038738 0.029241
963 0.030705 0.031772
964 0.022321 0.032493
965 0.014019 0.031334
966 0.006165 0.028344
967 -0.000838 0.023694
968 -0.006644 0.017565
969 -0.011005 0.010272
970 -0.013677 0.002169
971 -0.014550 -0.006387
972 -0.013601 -0.014954
973 -0.010839 -0.023130
974 -0.006432 -0.030546
975 -0.000588 -0.036806
976 0.006441 -0.041643
977 0.014275 -0.044820
978 0.022567 -0.046154
979 0.030929 -0.045619
980 0.038936 -0.043214
981 0.046245 -0.039044
982 0.052492 -0.033337
983 0.057370 -0.026327
984 0.060687 -0.018361
985 0.062249 -0.009831
986 0.061995 -0.001106
987 0.059954 0.007368
988 0.056178 0.015195
989 0.050875 0.022025
990 0.044283 0.027495
991 0.036681 0.031369
992 0.028458 0.033466
993 0.019970 0.033653
994 0.011607 0.031964
995 0.003787 0.028453
996 -0.003159 0.023280
997 -0.008891 0.016726
998 -0.013124 0.009073
999 -0.015698 0.000693
1000 -0.016452 -0.007989
1001 -0.015358 -0.016597
1002 -0.012489 -0.024689
1003 -0.007941 -0.031878
1004 -0.001950 -0.037848
1005 0.005187 -0.042278
1006 0.013169 -0.044979
1007 0.021572 -0.045836
1008 0.030009 -0.044775
1009 0.038083 -0.041887
1010 0.045369 -0.037297
1011 0.051544 -0.031207
1012 0.056298 -0.023947
1013 0.059376 -0.015833
1014 0.060660 -0.007252
1015 0.060061 0.001361
1016 0.057603 0.009642
1017 0.053437 0.017179
1018 0.047730 0.023613
1019 0.040779 0.028679
1020 0.032939 0.032110
1021 0.024558 0.033765
1022 0.016079 0.033585
1023 0.007912 0.031549
1024 0.000435 0.027792
1025 -0.005950 0.022491
1026 -0.010962 0.015872
1027 -0.014358 0.008288
1028 -0.015946 0.000071
1029 -0.015698 -0.008392
1030 -0.013606 -0.016675
1031 -0.009771 -0.024424
1032 -0.004421 -0.031254
1033 0.002213 -0.036832
1034 0.009790 -0.040933
1035 0.017917 -0.043329
1036 0.026234 -0.043920
1037 0.034302 -0.042700
1038 0.041734 -0.039694
1039 0.048199 -0.035084
1040 0.053346 -0.029085
1041 0.056959 -0.021965
1042 0.058875 -0.014107
1043 0.058972 -0.005870
1044 0.057292 0.002352
1045 0.053901 0.010128
1046 0.048959 0.017116
1047 0.042743 0.022959
1048 0.035519 0.027359
1049 0.027641 0.030139
1050 0.019511 0.031130
1051 0.011479 0.030294
1052 0.003952 0.027696
1053 -0.002713 0.023426
1054 -0.008232 0.017724
1055 -0.012303 0.010873
1056 -0.014759 0.003177
1057 -0.015491 -0.004950
1058 -0.014428 -0.013129
1059 -0.011654 -0.020969
1060 -0.007277 -0.028058
1061 -0.001482 -0.034080
1062 0.005435 -0.038734
1063 0.013189 -0.041778
1064 0.021420 -0.043100
1065 0.029723 -0.042609
1066 0.037755 -0.040334
1067 0.045120 -0.036411
1068 0.051472 -0.030998
1069 0.056545 -0.024372
1070 0.060064 -0.016870
1071 0.061877 -0.008815
1072 0.061912 -0.000633
1073 0.060123 0.007297
1074 0.056628 0.014610
1075 0.051579 0.020925
1076 0.045188 0.025968
1077 0.037794 0.029494
1078 0.029720 0.031315
1079 0.021349 0.031382
1080 0.013113 0.029668
1081 0.005369 0.026247
1082 -0.001486 0.021317
1083 -0.007112 0.015071
1084 -0.011264 0.007820
1085 -0.013702 -0.000077
1086 -0.014318 -0.008289
1087 -0.013097 -0.016393
1088 -0.010057 -0.024025
1089 -0.005375 -0.030846
1090 0.000729 -0.036501
1091 0.007984 -0.040756
1092 0.016002 -0.043412
1093 0.024416 -0.044319
1094 0.032822 -0.043477
1095 0.040779 -0.040904
1096 0.047936 -0.036709
1097 0.053926 -0.031129
1098 0.058442 -0.024397
1099 0.061301 -0.016840
1100 0.062328 -0.008843
1101 0.061482 -0.000749
1102 0.058826 0.007027
1103 0.054446 0.014109
1104 0.048584 0.020185
1105 0.041523 0.024918
1106 0.033570 0.028098
1107 0.025144 0.029576
1108 0.016629 0.029237
1109 0.008421 0.027134
1110 0.000944 0.023343
1111 -0.005481 0.018027
1112 -0.010539 0.011477
1113 -0.013972 0.003971
1114 -0.015662 -0.004118
1115 -0.015501 -0.012377
1116 -0.013499 -0.020446
1117 -0.009788 -0.027902
1118 -0.004510 -0.034375
1119 0.002063 -0.039579
1120 0.009599 -0.043221
1121 0.017774 -0.045138
1122 0.026160 -0.045241
1123 0.034366 -0.043487
1124 0.042020 -0.039984
1125 0.048716 -0.034890
1126 0.054164 -0.028423
1127 0.058097 -0.020926
1128 0.060296 -0.012724
1129 0.060691 -0.004209
1130 0.059234 0.004186
1131 0.055984 0.012101
1132 0.051126 0.019138
1133 0.044851 0.024953
1134 0.037476 0.029308
1135 0.029363 0.031957
1136 0.020864 0.032793
1137 0.012420 0.031789
1138 0.004428 0.028959
1139 -0.002753 0.024466
1140 -0.008735 0.018520
1141 -0.013261 0.011376
1142 -0.016112 0.003406
1143 -0.017122 -0.005031
1144 -0.016279 -0.013543
1145 -0.013605 -0.021696
1146 -0.009217 -0.029138
1147 -0.003369 -0.035500
1148 0.003694 -0.040467
1149 0.011619 -0.043841
1150 0.020000 -0.045430
1151 0.028473 -0.045166
1152 0.036597 -0.043088
1153 0.043988 -0.039259
1154 0.050319 -0.033895
1155 0.055247 -0.027255
1156 0.058565 -0.019628
1157 0.060122 -0.011420
1158 0.059820 -0.003006
1159 0.057709 0.005221
1160 0.053880 0.012834
1161 0.048503 0.019503
1162 0.041874 0.024894
1163 0.034280 0.028734
1164 0.026088 0.030875
1165 0.017713 0.031185
1166 0.009517 0.029648
1167 0.001920 0.026372
1168 -0.004717 0.021471
1169 -0.010110 0.015204
1170 -0.013963 0.007878
1171 -0.016115 -0.000191
1172 -0.016479 -0.008581
1173 -0.015003 -0.016900
1174 -0.011795 -0.024768
1175 -0.006997 -0.031768
1176 -0.000821 -0.037595
1177 0.006394 -0.041957
1178 0.014335 -0.044613
1179 0.022618 -0.045473
1180 0.030816 -0.044461
1181 0.038574 -0.041614
1182 0.045494 -0.037100
1183 0.051235 -0.031091
1184 0.055559 -0.023895
1185 0.058221 -0.015867
1186 0.059113 -0.007363
1187 0.058207 0.001174
1188 0.055517 0.009344
1189 0.051210 0.016766
1190 0.045486 0.023045
1191 0.038605 0.027902
1192 0.030936 0.031102
1193 0.022830 0.032460
1194 0.014670 0.031950
1195 0.006885 0.029581
1196 -0.000187 0.025460
1197 -0.006188 0.019823
1198 -0.010812 0.012912
1199 -0.013874 0.005079
1200 -0.015194 -0.003276
1201 -0.014714 -0.011785
1202 -0.012481 -0.020004
1203 -0.008559 -0.027540
1204 -0.003168 -0.034058
1205 0.003436 -0.039207
1206 0.010966 -0.042772
1207 0.019030 -0.044591
1208 0.027263 -0.044550
1209 0.035282 -0.042694
1210 0.042676 -0.039098
1211 0.049128 -0.033924
1212 0.054318 -0.027457
1213 0.057979 -0.019973
1214 0.059976 -0.011841
1215 0.060179 -0.003470
1216 0.058579 0.004779
1217 0.055276 0.012488
1218 0.050386 0.019287
1219 0.044159 0.024883
1220 0.036899 0.028971
1221 0.028908 0.031380
1222 0.020602 0.032000
1223 0.012357 0.030771
1224 0.004550 0.027784
1225 -0.002416 0.023170
1226 -0.008239 0.017131
1227 -0.012639 0.009996
1228 -0.015381 0.002080
1229 -0.016376 -0.006234
1230 -0.015547 -0.014514
1231 -0.012933 -0.022397
1232 -0.008693 -0.029470
1233 -0.002995 -0.035385
1234 0.003864 -0.039878
1235 0.011537 -0.042693
1236 0.019690 -0.043705
1237 0.027887 -0.042872
1238 0.035739 -0.040196
1239 0.042884 -0.035829
1240 0.048931 -0.029978
1241 0.053617 -0.022893
1242 0.056712 -0.014954
1243 0.058030 -0.006516
1244 0.057548 0.002021
1245 0.055263 0.010214
1246 0.051274 0.017708
1247 0.045811 0.024126
1248 0.039097 0.029141
1249 0.031469 0.032552
1250 0.023316 0.034159
1251 0.014987 0.033890
1252 0.006921 0.031780
1253 -0.000501 0.027886
1254 -0.006949 0.022424
1255 -0.012072 0.015651
1256 -0.015647 0.007860
1257 -0.017506 -0.000544
1258 -0.017521 -0.009180
1259 -0.015725 -0.017644
1260 -0.012178 -0.025501
1261 -0.007027 -0.032411
1262 -0.000547 -0.038031
1263 0.006993 -0.042074
1264 0.015235 -0.044385
1265 0.023774 -0.044821
1266 0.032250 -0.043368
1267 0.040233 -0.040124
1268 0.047348 -0.035210
1269 0.053288 -0.028893
1270 0.057733 -0.021484
1271 0.060492 -0.013316
1272 0.061440 -0.004822
1273 0.060497 0.003601
1274 0.057742 0.011559
1275 0.053291 0.018629
1276 0.047332 0.024504
1277 0.040193 0.028896
1278 0.032179 0.031573
1279 0.023682 0.032453
1280 0.015137 0.031469
1281 0.006918 0.028676
1282 -0.000559 0.024246
1283 -0.006923 0.018364
1284 -0.011899 0.011335
1285 -0.015214 0.003512
1286 -0.016719 -0.004759
1287 -0.016362 -0.013047
1288 -0.014124 -0.020967
1289 -0.010145 -0.028167
1290 -0.004611 -0.034269
1291 0.002235 -0.039018
1292 0.010021 -0.042194
1293 0.018397 -0.043623
1294 0.026964 -0.043279
1295 0.035277 -0.041162
1296 0.042977 -0.037367
1297 0.049672 -0.032111
1298 0.055027 -0.025606
1299 0.058826 -0.018176
1300 0.060850 -0.010190
1301 0.061017 -0.001989
1302 0.059337 0.006007
1303 0.055860 0.013420
1304 0.050780 0.019929
1305 0.044343 0.025178
1306 0.036829 0.028943
1307 0.028639 0.031039
1308 0.020145 0.031335
1309 0.011745 0.029846
1310 0.003882 0.026617
1311 -0.003104 0.021787
1312 -0.008863 0.015618
1313 -0.013102 0.008366
1314 -0.015655 0.000392
1315 -0.016366 -0.007905
1316 -0.015207 -0.016160
1317 -0.012267 -0.023944
1318 -0.007647 -0.030879
1319 -0.001599 -0.036652
1320 0.005576 -0.040945
1321 0.013560 -0.043568
1322 0.021930 -0.044400
1323 0.030289 -0.043366
1324 0.038250 -0.040548
1325 0.045390 -0.036075
1326 0.051391 -0.030143
1327 0.055956 -0.023075
1328 0.058841 -0.015189
1329 0.059946 -0.006867
1330 0.059191 0.001462
1331 0.056613 0.009430
1332 0.052369 0.016639
1333 0.046626 0.022729
1334 0.039687 0.027443
1335 0.031901 0.030524
1336 0.023611 0.031837
1337 0.015255 0.031340
1338 0.007223 0.029021
1339 -0.000113 0.025021
1340 -0.006361 0.019523
1341 -0.011246 0.012766
1342 -0.014535 0.005106
1343 -0.016038 -0.003125
1344 -0.015724 -0.011540
1345 -0.013577 -0.019712
1346 -0.009698 -0.027291
1347 -0.004302 -0.033903
1348 0.002390 -0.039219
1349 0.010038 -0.043020
1350 0.018259 -0.045091
1351 0.026698 -0.045343
1352 0.034914 -0.043781
1353 0.042520 -0.040436
1354 0.049173 -0.035502
1355 0.054512 -0.029211
1356 0.058306 -0.021840
1357 0.060376 -0.013783
1358 0.060592 -0.005409
1359 0.058980 0.002882
1360 0.055602 0.010653
1361 0.050605 0.017557
1362 0.044266 0.023242
1363 0.036860 0.027414
1364 0.028755 0.029906
1365 0.020366 0.030565
1366 0.012062 0.029365
1367 0.004272 0.026394
1368 -0.002631 0.021761
1369 -0.008339 0.015723
1370 -0.012539 0.008580
1371 -0.015053 0.000654
1372 -0.015769 -0.007630
1373 -0.014619 -0.015887
1374 -0.011698 -0.023733
1375 -0.007131 -0.030752
1376 -0.001123 -0.036643
1377 0.005999 -0.041114
1378 0.013927 -0.043936
1379 0.022278 -0.045014
1380 0.030625 -0.044274
1381 0.038608 -0.041751
1382 0.045819 -0.037599
1383 0.051906 -0.031982
1384 0.056610 -0.025186
1385 0.059666 -0.017544
1386 0.060941 -0.009382
1387 0.060387 -0.001115
1388 0.057987 0.006879
1389 0.053887 0.014243
1390 0.048270 0.020594
1391 0.041376 0.025665
1392 0.033567 0.029214
1393 0.025186 0.031046
1394 0.016629 0.031114
1395 0.008334 0.029386
1396 0.000657 0.025938
1397 -0.006015 0.020959
1398 -0.011348 0.014647
1399 -0.015120 0.007315
1400 -0.017116 -0.000673
1401 -0.017248 -0.008981
1402 -0.015525 -0.017177
1403 -0.011988 -0.024874
1404 -0.006834 -0.031731
1405 -0.000310 -0.037375
1406 0.007306 -0.041559
1407 0.015607 -0.044079
1408 0.024224 -0.044778
1409 0.032747 -0.043654
1410 0.040737 -0.040732
1411 0.047846 -0.036138
1412 0.053719 -0.030117
1413 0.058061 -0.022924
1414 0.060699 -0.014907
1415 0.061477 -0.006471
1416 0.060361 0.002017
1417 0.057432 0.010124
1418 0.052790 0.017459
1419 0.046685 0.023700
1420 0.039418 0.028508
1421 0.031298 0.031670
1422 0.022753 0.033049
1423 0.014174 0.032543
1424 0.005953 0.030214
1425 -0.001477 0.026166
1426 -0.007800 0.020578
1427 -0.012711 0.013761
1428 -0.015954 0.006016
1429 -0.017416 -0.002278
1430 -0.017002 -0.010688
1431 -0.014734 -0.018850
1432 -0.010755 -0.026345
1433 -0.005220 -0.032804
1434 0.001582 -0.037951
1435 0.009312 -0.041506
1436 0.017632 -0.043321
1437 0.026105 -0.043331
1438 0.034336 -0.041512
1439 0.041952 -0.037993
1440 0.048549 -0.032945
1441 0.053849 -0.026601
1442 0.057596 -0.019311
1443 0.059591 -0.011408
1444 0.059780 -0.003274
1445 0.058141 0.004659
1446 0.054754 0.012046
1447 0.049818 0.018508
1448 0.043543 0.023722
1449 0.036250 0.027471
1450 0.028313 0.029536
1451 0.020076 0.029829
1452 0.011969 0.028355
1453 0.004376 0.025145
1454 -0.002366 0.020383
1455 -0.007900 0.014291
1456 -0.011987 0.007132
1457 -0.014443 -0.000723
1458 -0.015120 -0.008919
1459 -0.014031 -0.017075
1460 -0.011214 -0.024773
1461 -0.006796 -0.031685
1462 -0.001028 -0.037464
1463 0.005846 -0.041823
1464 0.013485 -0.044590
1465 0.021504 -0.045596
1466 0.029552 -0.044804
1467 0.037215 -0.042270
1468 0.044129 -0.038077
1469 0.049989 -0.032446
1470 0.054478 -0.025639
1471 0.057402 -0.017948
1472 0.058628 -0.009771
1473 0.058062 -0.001471
1474 0.055768 0.006571
1475 0.051837 0.013942
1476 0.046440 0.020330
1477 0.039871 0.025423
1478 0.032413 0.028954
1479 0.024430 0.030795
1480 0.016328 0.030824
1481 0.008465 0.029037
1482 0.001243 0.025541
1483 -0.004978 0.020460
1484 -0.009929 0.014052
1485 -0.013328 0.006630
1486 -0.015024 -0.001489
1487 -0.014945 -0.009879
1488 -0.013057 -0.018152
1489 -0.009484 -0.025925
1490 -0.004389 -0.032782
1491 0.002004 -0.038419
1492 0.009344 -0.042553
1493 0.017300 -0.044950
1494 0.025484 -0.045525
1495 0.033464 -0.044216
1496 0.040887 -0.041079
1497 0.047367 -0.036294
1498 0.052576 -0.030054
1499 0.056293 -0.022680
1500 0.058300 -0.014551
1501 0.058508 -0.006028
1502 0.056934 0.002427
1503 0.053611 0.010406
1504 0.048734 0.017534
1505 0.042539 0.023419
1506 0.035301 0.027794
1507 0.027407 0.030441
1508 0.019211 0.031197
1509 0.011099 0.030063
1510 0.003491 0.027077
1511 -0.003291 0.022370
1512 -0.008912 0.016210
1513 -0.013091 0.008868
1514 -0.015670 0.000714
1515 -0.016500 -0.007834
1516 -0.015551 -0.016398
1517 -0.012896 -0.024533
1518 -0.008617 -0.031847
1519 -0.002942 -0.038019
1520 0.003866 -0.042715
1521 0.011526 -0.045739
1522 0.019645 -0.046960
1523 0.027877 -0.046291
1524 0.035858 -0.043803
1525 0.043185 -0.039607
1526 0.049558 -0.033889
1527 0.054673 -0.026961
1528 0.058274 -0.019119
1529 0.060229 -0.010742
1530 0.060416 -0.002254
1531 0.058823 0.005990
1532 0.055549 0.013569
1533 0.050703 0.020129
1534 0.044534 0.025393
1535 0.037334 0.029076
1536 0.029413 0.031022
1537 0.021182 0.031153
1538 0.013022 0.029426
1539 0.005312 0.025957
1540 -0.001532 0.020897
1541 -0.007200 0.014462
1542 -0.011404 0.006997
1543 -0.013900 -0.001175
1544 -0.014592 -0.009666
1545 -0.013409 -0.018046
1546 -0.010395 -0.025954
1547 -0.005722 -0.032988
1548 0.000429 -0.038799
1549 0.007735 -0.043146
1550 0.015820 -0.045778
1551 0.024322 -0.046586
1552 0.032780 -0.045546
1553 0.040776 -0.042672
1554 0.047933 -0.038128
1555 0.053848 -0.032136
1556 0.058253 -0.024958
1557 0.060925 -0.016976
1558 0.061696 -0.008553
1559 0.060562 -0.000086
1560 0.057555 0.007984
1561 0.052807 0.015308
1562 0.046583 0.021522
1563 0.039149 0.026315
1564 0.030877 0.029502
1565 0.022182 0.030901
1566 0.013442 0.030458
1567 0.005101 0.028224
1568 -0.002451 0.024272
1569 -0.008890 0.018820
1570 -0.013877 0.012130
1571 -0.017214 0.004489
1572 -0.018756 -0.003710
1573 -0.018405 -0.012102
1574 -0.016219 -0.020312
1575 -0.012295 -0.027922
1576 -0.006799 -0.034619
1577 -0.000029 -0.040082
1578 0.007729 -0.044045
1579 0.016108 -0.046361
1580 0.024694 -0.046896
1581 0.033131 -0.045625
1582 0.040998 -0.042639
1583 0.047927 -0.038032
1584 0.053627 -0.032043
1585 0.057798 -0.024952
1586 0.060268 -0.017057
1587 0.060933 -0.008761
1588 0.059730 -0.000436
1589 0.056755 0.007543
1590 0.052141 0.014762
1591 0.046093 0.020908
1592 0.038935 0.025679
1593 0.030989 0.028818
1594 0.022640 0.030206
1595 0.014322 0.029745
1596 0.006396 0.027444
1597 -0.000728 0.023439
1598 -0.006698 0.017878
1599 -0.011265 0.011051
1600 -0.014172 0.003294
1601 -0.015301 -0.005053
1602 -0.014624 -0.013547
1603 -0.012146 -0.021777
1604 -0.008030 -0.029360
1605 -0.002482 -0.035879
1606 0.004243 -0.041040
1607 0.011773 -0.044580
1608 0.019757 -0.046289
1609 0.027809 -0.046116
1610 0.035497 -0.044042
1611 0.042490 -0.040155
1612 0.048431 -0.034672
1613 0.053022 -0.027825
1614 0.056083 -0.019959
1615 0.057433 -0.011480
1616 0.057018 -0.002758
1617 0.054890 0.005746
1618 0.051107 0.013626
1619 0.045885 0.020521
1620 0.039468 0.026060
1621 0.032135 0.029999
1622 0.024272 0.032152
1623 0.016228 0.032379
1624 0.008374 0.030712
1625 0.001116 0.027212
1626 -0.005236 0.022032
1627 -0.010366 0.015463
1628 -0.014008 0.007782
1629 -0.016023 -0.000629
1630 -0.016280 -0.009344
1631 -0.014765 -0.017984
1632 -0.011570 -0.026099
1633 -0.006802 -0.033301
1634 -0.000712 -0.039273
1635 0.006413 -0.043678
1636 0.014272 -0.046340
1637 0.022433 -0.047120
1638 0.030550 -0.045953
1639 0.038213 -0.042942
1640 0.045037 -0.038181
1641 0.050716 -0.031928
1642 0.054942 -0.024481
1643 0.057520 -0.016183
1644 0.058317 -0.007455
1645 0.057278 0.001289
1646 0.054457 0.009635
1647 0.049993 0.017162
1648 0.044084 0.023521
1649 0.037036 0.028416
1650 0.029191 0.031602
1651 0.020922 0.032945
1652 0.012661 0.032397
1653 0.004801 0.029985
1654 -0.002270 0.025862
1655 -0.008181 0.020237
1656 -0.012665 0.013392
1657 -0.015496 0.005695
1658 -0.016537 -0.002490
1659 -0.015772 -0.010755
1660 -0.013244 -0.018687
1661 -0.009104 -0.025936
1662 -0.003596 -0.032149
1663 0.002999 -0.037053
1664 0.010320 -0.040458
1665 0.017994 -0.042215
1666 0.025650 -0.042291
1667 0.032907 -0.040725
1668 0.039451 -0.037610
1669 0.045014 -0.033143
1670 0.049384 -0.027551
1671 0.052459 -0.021096
1672 0.054201 -0.014094
1673 0.054634 -0.006834
1674 0.053904 0.000385
1675 0.052167 0.007272
1676 0.049643 0.013605
1677 0.046592 0.019170
1678 0.043236 0.023813
1679 0.039828 0.027452
1680 0.036571 0.030017
1681 0.033614 0.031521
1682 0.031090 0.032014
1683 0.029050 0.031562
1684 0.027495 0.030296
1685 0.026411 0.028342
1686 0.025709 0.025833
1687 0.025300 0.022937
1688 0.025091 0.019783
1689 0.024953 0.016507
1690 0.024810 0.013244
1691 0.024586 0.010072
1692 0.024218 0.007089
1693 0.023713 0.004353
1694 0.023059 0.001894
1695 0.022297 -0.000244
1696 0.021485 -0.002079
1697 0.020673 -0.003602
1698 0.019933 -0.004838
1699 0.019315 -0.005812
1700 0.018872 -0.006563
1701 0.018618 -0.007117
1702 0.018584 -0.007505
1703 0.018732 -0.007780
1704 0.019044 -0.007935
1705 0.019490 -0.008034
1706 0.019982 -0.008074
1707 0.020502 -0.008065
1708 0.020973 -0.008048
1709 0.021341 -0.007994
1710 0.021605 -0.007926
1711 0.021711 -0.007858
1712 0.021670 -0.007756
1713 0.021505 -0.007659
1714 0.021206 -0.007562
1715 0.020839 -0.007448
1716 0.020436 -0.007364
1717 0.020013 -0.007291
1718 0.019651 -0.007243
1719 0.019343 -0.007259
1720 0.019123 -0.007296
1721 0.019021 -0.007412
1722 0.018989 -0.007582
1723 0.019066 -0.007791
1724 0.019193 -0.008064
1725 0.019345 -0.008334
1726 0.019517 -0.008610
1727 0.019640 -0.008853
1728 0.019717 -0.009004
1729 0.019729 -0.009057
1730 0.019652 -0.008947
1731 0.019531 -0.008636
1732 0.019368 -0.008113
1733 0.019205 -0.007311
1734 0.019129 -0.006238
1735 0.019148 -0.004874
1736 0.019374 -0.003189
1737 0.019840 -0.001237
1738 0.020580 0.001023
1739 0.021656 0.003532
1740 0.023027 0.006252
1741 0.024692 0.009160
1742 0.026589 0.012168
1743 0.028606 0.015225
1744 0.030646 0.018253
1745 0.032558 0.021144
1746 0.034185 0.023822
1747 0.035391 0.026180
1748 0.036018 0.028114
1749 0.035941 0.029549
1750 0.035088 0.030399
1751 0.033390 0.030597
1752 0.030856 0.030137
1753 0.027547 0.028991
1754 0.023535 0.027209
1755 0.018989 0.024869
1756 0.014059 0.022051
1757 0.008937 0.018921
1758 0.003839 0.015608
1759 -0.001082 0.012300
1760 -0.005616 0.009166
1761 -0.009675 0.006344
1762 -0.013142 0.003994
1763 -0.015983 0.002168
1764 -0.018202 0.000949
1765 -0.019821 0.000287
1766 -0.020940 0.000139
1767 -0.021614 0.000375
1768 -0.021971 0.000820
1769 -0.022067 0.001304
1770 -0.021970 0.001582
1771 -0.021724 0.001474
1772 -0.021295 0.000783
1773 -0.020664 -0.000639
1774 -0.019737 -0.002858
1775 -0.018399 -0.005919
1776 -0.016554 -0.009749
1777 -0.014054 -0.014219
1778 -0.010829 -0.019152
1779 -0.006805 -0.024269
1780 -0.001957 -0.029317
1781 0.003638 -0.033964
1782 0.009905 -0.037925
1783 0.016626 -0.040938
1784 0.023604 -0.042749
1785 0.030541 -0.043235
1786 0.037144 -0.042266
1787 0.043114 -0.039867
1788 0.048144 -0.036076
1789 0.052026 -0.031057
1790 0.054534 -0.025005
1791 0.055607 -0.018161
1792 0.055197 -0.010837
1793 0.053392 -0.003290
1794 0.050372 0.004144
1795 0.046349 0.011215
1796 0.041662 0.017668
1797 0.036623 0.023287
1798 0.031608 0.027923
1799 0.026956 0.031451
1800 0.022984 0.033825
1801 0.019946 0.035016
1802 0.018026 0.035077
1803 0.017337 0.034065
1804 0.017880 0.032099
1805 0.019607 0.029322
1806 0.022366 0.025888
1807 0.025972 0.021991
1808 0.030182 0.017805
1809 0.034753 0.013538
1810 0.039435 0.009356
1811 0.043983 0.005458
1812 0.048235 0.001974
1813 0.051994 -0.000963
1814 0.055220 -0.003252
1815 0.057813 -0.004885
1816 0.059797 -0.005797
1817 0.061217 -0.006104
1818 0.062092 -0.005833
1819 0.062558 -0.005145
1820 0.062618 -0.004205
1821 0.062397 -0.003163
1822 0.061915 -0.002282
1823 0.061187 -0.001695
1824 0.060263 -0.001629
1825 0.059079 -0.002239
1826 0.057649 -0.003606
1827 0.055945 -0.005847
1828 0.053917 -0.008933
1829 0.051612 -0.012818
1830 0.049006 -0.017424
1831 0.046160 -0.022533
1832 0.043170 -0.027986
1833 0.040088 -0.033512
1834 0.037088 -0.038838
1835 0.034269 -0.043730
1836 0.031774 -0.047888
1837 0.029754 -0.051105
1838 0.028294 -0.053186
1839 0.027502 -0.053983
1840 0.027429 -0.053438
1841 0.028075 -0.051526
1842 0.029429 -0.048311
1843 0.031411 -0.043934
1844 0.033920 -0.038560
1845 0.036837 -0.032443
1846 0.039997 -0.025863
1847 0.043242 -0.019113
1848 0.046416 -0.012517
1849 0.049347 -0.006386
1850 0.051909 -0.000986
1851 0.053987 0.003405
1852 0.055476 0.006612
1853 0.056357 0.008499
1854 0.056583 0.008972
1855 0.056179 0.008080
1856 0.055215 0.005850
1857 0.053715 0.002448
1858 0.051834 -0.001920
1859 0.049640 -0.007055
1860 0.047268 -0.012629
1861 0.044853 -0.018409
1862 0.042468 -0.024088
1863 0.040256 -0.029416
1864 0.038259 -0.034188
1865 0.036548 -0.038216
1866 0.035151 -0.041410
1867 0.034054 -0.043717
1868 0.033255 -0.045156
1869 0.032696 -0.045820
1870 0.032331 -0.045809
1871 0.032116 -0.045319
1872 0.031953 -0.044503
1873 0.031853 -0.043550
1874 0.031734 -0.042652
1875 0.031624 -0.041891
1876 0.031529 -0.041431
1877 0.031460 -0.041239
1878 0.031531 -0.041350
1879 0.031728 -0.041664
1880 0.032201 -0.042045
1881 0.032932 -0.042378
1882 0.034001 -0.042396
1883 0.035400 -0.041990
1884 0.037065 -0.040890
1885 0.038973 -0.039001
1886 0.040925 -0.036177
1887 0.042846 -0.032366
1888 0.044475 -0.027617
1889 0.045662 -0.021951
1890 0.046200 -0.015603
1891 0.045886 -0.008726
1892 0.044648 -0.001635
1893 0.042345 0.005366
1894 0.039018 0.011976
1895 0.034707 0.017832
1896 0.029540 0.022668
1897 0.023736 0.026211
1898 0.017518 0.028258
1899 0.011173 0.028702
1900 0.004992 0.027481
1901 -0.000766 0.024642
1902 -0.005852 0.020313
1903 -0.010097 0.014683
1904 -0.013389 0.008032
1905 -0.015687 0.000671
1906 -0.017050 -0.007041
1907 -0.017578 -0.014728
1908 -0.017448 -0.022023
1909 -0.016865 -0.028569
1910 -0.016046 -0.034053
1911 -0.015206 -0.038206
1912 -0.014512 -0.040832
1913 -0.014103 -0.041803
1914 -0.014036 -0.041062
1915 -0.014308 -0.038655
1916 -0.014849 -0.034678
1917 -0.015512 -0.029329
1918 -0.016133 -0.022849
1919 -0.016484 -0.015541
1920 -0.016367 -0.007761
1921 -0.015584 0.000147
1922 -0.013970 0.007790
1923 -0.011444 0.014818
1924 -0.007956 0.020907
1925 -0.003562 0.025764
1926 0.001627 0.029183
1927 0.007441 0.031012
1928 0.013639 0.031194
1929 0.019981 0.029754
1930 0.026192 0.026789
1931 0.032025 0.022493
1932 0.037271 0.017102
1933 0.041749 0.010916
1934 0.045372 0.004262
1935 0.048092 -0.002538
1936 0.049939 -0.009142
1937 0.051016 -0.015277
1938 0.051441 -0.020695
1939 0.051392 -0.025207
1940 0.051045 -0.028724
1941 0.050552 -0.031197
1942 0.050073 -0.032665
1943 0.049691 -0.033241
1944 0.049455 -0.033064
1945 0.049371 -0.032334
1946 0.049367 -0.031260
1947 0.049358 -0.030051
1948 0.049201 -0.028908
1949 0.048761 -0.027991
1950 0.047883 -0.027441
1951 0.046453 -0.027310
1952 0.044389 -0.027659
1953 0.041629 -0.028442
1954 0.038231 -0.029604
1955 0.034232 -0.031066
1956 0.029766 -0.032670
1957 0.025018 -0.034334
1958 0.020138 -0.035913
1959 0.015370 -0.037277
1960 0.010894 -0.038384
1961 0.006866 -0.039133
1962 0.003454 -0.039519
1963 0.000704 -0.039569
1964 -0.001328 -0.039282
1965 -0.002665 -0.038773
1966 -0.003401 -0.038097
1967 -0.003617 -0.037369
1968 -0.003470 -0.036681
1969 -0.003080 -0.036128
1970 -0.002601 -0.035784
1971 -0.002110 -0.035691
1972 -0.001707 -0.035895
1973 -0.001400 -0.036337
1974 -0.001167 -0.037035
1975 -0.000982 -0.037868
1976 -0.000689 -0.038760
1977 -0.000232 -0.039615
1978 0.000565 -0.040272
1979 0.001806 -0.040674
1980 0.003571 -0.040668
1981 0.005958 -0.040210
1982 0.008946 -0.039242
1983 0.012532 -0.037747
1984 0.016619 -0.035769
1985 0.021090 -0.033365
1986 0.025786 -0.030646
1987 0.030537 -0.027737
1988 0.035162 -0.024788
1989 0.039499 -0.021952
1990 0.043407 -0.019370
1991 0.046790 -0.017164
1992 0.049584 -0.015423
1993 0.051788 -0.014183
1994 0.053425 -0.013449
1995 0.054574 -0.013138
1996 0.055325 -0.013173
1997 0.055763 -0.013368
1998 0.056013 -0.013569
1999 0.056109 -0.013577
